1 -1.25263e-05 -2.82151e-21 0.000430099 1.25263e-05 1 -1.27069e-05 0.000381213 1.59171e-10 1.27069e-05 1 -0.000436297 0 0 0 1 
1 -3.78276e-05 -8.77721e-21 0.00129883 3.78276e-05 1 -3.9529e-05 0.00118592 1.49529e-09 3.9529e-05 1 -0.00135723 0 0 0 1 
1 -8.81985e-05 -2.03777e-20 0.00302834 8.81985e-05 1 -9.17732e-05 0.00275347 8.09425e-09 9.17732e-05 1 -0.00315096 0 0 0 1 
1 -0.000157519 -3.63706e-20 0.00540849 0.000157519 1 -0.000163799 0.00491485 2.58014e-08 0.000163799 1 -0.00562373 0 0 0 1 
1 -0.000246061 -5.7071e-20 0.00844865 0.000246061 1 -0.000257026 0.00771296 6.32441e-08 0.000257026 1 -0.00882414 0 0 0 1 
1 -0.000359527 -8.31145e-20 0.0123446 0.000359527 1 -0.000374317 0.0112341 1.34577e-07 0.000374317 1 -0.0128503 0 0 0 1 
1 -0.000485899 -1.12306e-19 0.0166836 0.000485899 1 -0.000505786 0.015182 2.45761e-07 0.000505786 1 -0.0173626 0 0 0 1 
1 -0.000631624 -1.46219e-19 0.0216872 0.000631624 1 -0.000658518 0.0197698 4.15936e-07 0.000658518 1 -0.0226041 0 0 0 1 
1 -0.000802446 -1.85493e-19 0.0275524 0.000802446 0.999999 -0.000835398 0.025085 6.70362e-07 0.000835398 1 -0.0286734 0 0 0 1 
1 -0.000992519 -2.29191e-19 0.0340787 0.000992518 0.999999 -0.0010322 0.0310013 1.02448e-06 0.0010322 0.999999 -0.0354253 0 0 0 1 
0.999999 -0.00120216 -2.77633e-19 0.0412769 0.00120216 0.999998 -0.00125038 0.037563 1.50316e-06 0.00125038 0.999999 -0.0429089 0 0 0 1 
0.999999 -0.00143097 -3.30204e-19 0.0491333 0.00143097 0.999998 -0.00148715 0.0446876 2.12807e-06 0.00148715 0.999999 -0.0510288 0 0 0 1 
0.999999 -0.00168444 -3.9377e-19 0.0578363 0.00168444 0.999997 -0.00177346 0.0533066 2.9873e-06 0.00177346 0.999998 -0.0608456 0 0 0 1 
0.999998 -0.00195825 -4.62727e-19 0.0672377 0.00195825 0.999996 -0.00208407 0.0626626 4.08115e-06 0.00208407 0.999998 -0.0714926 0 0 0 1 
0.999997 -0.00225827 -5.37728e-19 0.0775388 0.00225826 0.999995 -0.00242192 0.0728458 5.46934e-06 0.00242191 0.999997 -0.0830697 0 0 0 1 
0.999997 -0.00257238 -6.16565e-19 0.088324 0.00257237 0.999993 -0.00277706 0.0835577 7.14364e-06 0.00277705 0.999996 -0.0952359 0 0 0 1 
0.999996 -0.00291345 -7.02093e-19 0.100035 0.00291344 0.999991 -0.00316236 0.0951882 9.21338e-06 0.00316234 0.999995 -0.108431 0 0 0 1 
0.999995 -0.00327279 -7.96455e-19 0.112373 0.00327277 0.999988 -0.0035875 0.10803 1.17411e-05 0.00358749 0.999994 -0.122985 0 0 0 1 
0.999993 -0.00365384 -8.97193e-19 0.125457 0.00365381 0.999985 -0.00404141 0.121752 1.47667e-05 0.00404139 0.999992 -0.138518 0 0 0 1 
0.999992 -0.00406209 -1.00435e-18 0.139474 0.00406205 0.999982 -0.00452427 0.136363 1.8378e-05 0.00452423 0.99999 -0.155035 0 0 0 1 
0.999979 -0.0064329 -1.65057e-18 0.220877 0.00643272 0.999952 -0.00743731 0.224779 4.78435e-05 0.00743716 0.999972 -0.254529 0 0 0 1 
0.999934 -0.0114465 -3.09991e-18 0.393022 0.0114454 0.999837 -0.0139785 0.424959 0.000160005 0.0139776 0.999902 -0.476997 0 0 0 1 
0.999837 -0.0180627 -5.12817e-18 0.620193 0.0180578 0.999569 -0.0231531 0.709396 0.000418207 0.0231493 0.999732 -0.786802 0 0 0 1 
0.999653 -0.0263592 -7.80131e-18 0.905059 0.0263428 0.99903 -0.0352857 1.09188 0.000930104 0.0352735 0.999377 -1.19245 0 0 0 1 
0.999337 -0.0363963 -1.11779e-17 1.24969 0.0363495 0.998053 -0.050684 1.58737 0.00184471 0.0506505 0.998715 -1.70055 0 0 0 1 
0.998839 -0.0481712 -1.52976e-17 1.65399 0.0480545 0.996418 -0.069591 2.21074 0.00335228 0.0695102 0.997576 -2.31394 0 0 0 1 
0.998102 -0.0615872 -2.01769e-17 2.11463 0.061325 0.993853 -0.0921694 2.97614 0.00567645 0.0919944 0.995743 -3.03098 0 0 0 1 
0.997078 -0.0763846 -2.57934e-17 2.62271 0.0758471 0.990061 -0.118433 3.89426 0.00904648 0.118087 0.992962 -3.84345 0 0 0 1 
0.995757 -0.092019 -3.20629e-17 3.15952 0.0910037 0.98477 -0.148144 4.96726 0.0136321 0.147516 0.988966 -4.734 0 0 0 1 
0.994188 -0.107661 -3.88286e-17 3.6966 0.105888 0.977813 -0.180746 6.18419 0.0194593 0.179696 0.98353 -5.67585 0 0 0 1 
0.992516 -0.122114 -4.5846e-17 4.19287 0.119251 0.969245 -0.215276 7.51427 0.0262883 0.213665 0.976553 -6.6329 0 0 0 1 
0.99098 -0.134008 -5.28071e-17 4.60125 0.129739 0.959405 -0.25042 8.90647 0.0335584 0.248162 0.968137 -7.56488 0 0 0 1 
0.989871 -0.141973 -5.93746e-17 4.87471 0.1361 0.948929 -0.284624 10.2923 0.0404088 0.281741 0.958639 -8.43291 0 0 0 1 
0.989431 -0.145007 -6.5247e-17 4.97888 0.13756 0.938619 -0.31634 11.5977 0.0458713 0.312996 0.948646 -9.20629 0 0 0 1 
0.989781 -0.142599 -7.01818e-17 4.8962 0.13389 0.929331 -0.344118 12.75 0.0490707 0.340601 0.938927 -9.86252 0 0 0 1 
0.990878 -0.134762 -7.39911e-17 4.62715 0.125381 0.921895 -0.366591 13.6795 0.0494027 0.363247 0.930382 -10.3838 0 0 0 1 
0.992528 -0.122014 -7.65222e-17 4.18941 0.112739 0.917081 -0.382428 14.3199 0.0466615 0.379571 0.923985 -10.7523 0 0 0 1 
0.994441 -0.1053 -7.76236e-17 3.61552 0.0969503 0.91559 -0.39025 14.6058 0.0410932 0.388081 0.920709 -10.9462 0 0 0 1 
0.996293 -0.0860236 -7.71684e-17 2.95367 0.0792515 0.917861 -0.388909 14.4876 0.0334554 0.387468 0.921276 -10.9422 0 0 0 1 
0.997827 -0.0658956 -7.5116e-17 2.26256 0.061006 0.923786 -0.378017 13.9574 0.0249097 0.377196 0.925798 -10.7252 0 0 0 1 
0.998917 -0.0465324 -7.15987e-17 1.59772 0.0434391 0.932512 -0.358518 13.0728 0.0166827 0.35813 0.933523 -10.3023 0 0 0 1 
0.999581 -0.0289318 -6.68929e-17 0.993389 0.0272868 0.942749 -0.332386 11.9373 0.00961651 0.332247 0.943144 -9.70218 0 0 0 1 
0.99991 -0.0134086 -6.13179e-17 0.460393 0.0127833 0.953279 -0.301822 10.6589 0.00404702 0.301795 0.953364 -8.96323 0 0 0 1 
1 0.000167593 -5.51491e-17 -0.00575439 -0.000161432 0.96324 -0.268644 9.32149 -4.50227e-05 0.268644 0.96324 -8.12122 0 0 0 1 
0.999927 0.0120695 -4.86057e-17 -0.414414 -0.0117338 0.972118 -0.234199 7.98332 -0.00282667 0.234182 0.972189 -7.20643 0 0 0 1 
0.999745 0.0225753 -4.18629e-17 -0.775134 -0.0221216 0.979653 -0.199477 6.68296 -0.00450325 0.199427 0.979902 -6.2445 0 0 0 1 
0.999491 0.0319121 -3.50647e-17 -1.09572 -0.0314735 0.985755 -0.165216 5.44557 -0.00527237 0.165131 0.986257 -5.2576 0 0 0 1 
0.99919 0.0402483 -2.83367e-17 -1.38195 -0.0398961 0.990447 -0.131996 4.28788 -0.00531261 0.131889 0.99125 -4.26599 0 0 0 1 
0.998862 0.047698 -2.17917e-17 -1.63774 -0.0474575 0.993825 -0.100294 3.22082 -0.00478382 0.10018 0.994958 -3.28846 0 0 0 1 
0.998523 0.0543341 -1.5533e-17 -1.86559 -0.0541988 0.996037 -0.0705124 2.25143 -0.00383123 0.0704082 0.997511 -2.34283 0 0 0 1 
0.998187 0.0601965 -9.6565e-18 -2.06688 -0.0601408 0.997263 -0.0429988 1.38393 -0.00258838 0.0429209 0.999075 -1.44597 0 0 0 1 
0.997866 0.0653024 -4.25051e-18 -2.2422 -0.0652918 0.997703 -0.0180552 0.620531 -0.00117905 0.0180167 0.999837 -0.613723 0 0 0 1 
0.997571 0.0696576 6.07673e-19 -2.39173 -0.069657 0.997563 0.00407183 -0.0384686 0.000283634 -0.00406194 0.999992 0.139718 0 0 0 1 
0.997312 0.0732656 4.85577e-18 -2.51561 -0.0732458 0.997044 0.0232022 -0.594569 0.00169992 -0.0231398 0.999731 0.802596 0 0 0 1 
0.997098 0.0761323 8.44518e-18 -2.61404 -0.0760737 0.996331 0.0392102 -1.05033 0.00298516 -0.0390964 0.999231 1.36547 0 0 0 1 
0.996931 0.0782801 1.13521e-17 -2.68779 -0.0781739 0.995579 0.0520695 -1.41029 0.00407601 -0.0519097 0.998643 1.82305 0 0 0 1 
0.996815 0.0797548 1.35814e-17 -2.73843 -0.079602 0.994905 0.0618655 -1.68103 0.00493407 -0.0616684 0.998084 2.17488 0 0 0 1 
0.996744 0.0806259 1.51631e-17 -2.76833 -0.0804349 0.994384 0.068778 -1.87052 0.00554529 -0.0685541 0.997632 2.42488 0 0 0 1 
0.996714 0.0810008 1.61685e-17 -2.78121 -0.0807838 0.994044 0.073151 -1.99002 0.00592529 -0.0729106 0.997321 2.5838 0 0 0 1 
0.996713 0.0810155 1.66996e-17 -2.78171 -0.0807846 0.993872 0.0754493 -2.05307 0.00611256 -0.0752013 0.99715 2.66759 0 0 0 1 
0.996728 0.0808276 1.68866e-17 -2.77526 -0.0805923 0.993826 0.0762492 -2.0755 0.00616304 -0.0759997 0.997089 2.69683 0 0 0 1 
0.996746 0.0806068 1.68811e-17 -2.76768 -0.0803723 0.993847 0.0762159 -2.0752 0.00614352 -0.0759679 0.997091 2.69566 0 0 0 1 
0.996752 0.0805356 1.68691e-17 -2.76523 -0.0803016 0.993857 0.0761611 -2.0739 0.00613368 -0.0759137 0.997096 2.69367 0 0 0 1 
0.996735 0.080737 1.69897e-17 -2.77215 -0.0804992 0.9938 0.076691 -2.08785 0.0061918 -0.0764406 0.997055 2.71298 0 0 0 1 
0.99669 0.0812997 1.73681e-17 -2.79147 -0.0810498 0.993626 0.0783489 -2.13161 0.00636975 -0.0780896 0.996926 2.77347 0 0 0 1 
0.996606 0.0823188 1.81659e-17 -2.82646 -0.0820427 0.993263 0.0818339 -2.22371 0.00673647 -0.0815561 0.996646 2.9009 0 0 0 1 
0.996482 0.0838017 1.94624e-17 -2.87738 -0.0834805 0.992663 0.0874766 -2.37236 0.00733069 -0.0871689 0.996167 3.10799 0 0 0 1 
0.996318 0.0857329 2.13242e-17 -2.94369 -0.0853406 0.99176 0.0955431 -2.58338 0.00819118 -0.0951913 0.995425 3.40569 0 0 0 1 
0.996115 0.0880675 2.37896e-17 -3.02385 -0.0875698 0.990485 0.106165 -2.85824 0.00934967 -0.105752 0.994349 3.80061 0 0 0 1 
0.995875 0.0907371 2.68695e-17 -3.11551 -0.0900886 0.988758 0.119343 -3.19426 0.0108288 -0.11885 0.992853 4.29519 0 0 0 1 
0.995605 0.0936547 3.05485e-17 -3.21569 -0.0927979 0.986496 0.134956 -3.58504 0.0126393 -0.134363 0.990852 4.88789 0 0 0 1 
0.995311 0.0967217 3.47925e-17 -3.32099 -0.0955859 0.983624 0.1528 -4.02172 0.0147791 -0.152084 0.988257 5.57418 0 0 0 1 
0.995005 0.0998263 3.95469e-17 -3.42759 -0.0983284 0.980075 0.172583 -4.49334 0.0172283 -0.17172 0.984995 6.34627 0 0 0 1 
0.994697 0.102845 4.47393e-17 -3.53124 -0.100892 0.975811 0.19394 -4.98768 0.0199457 -0.192912 0.981013 7.19334 0 0 0 1 
0.994405 0.105636 5.02749e-17 -3.62709 -0.103133 0.970835 0.216431 -5.49155 0.022863 -0.21522 0.976298 8.10077 0 0 0 1 
0.994146 0.108045 5.60424e-17 -3.7098 -0.104899 0.965198 0.239561 -5.99188 0.0258834 -0.238159 0.970881 9.05087 0 0 0 1 
0.993943 0.109894 6.19077e-17 -3.77326 -0.106032 0.959016 0.262766 -6.47577 0.0288764 -0.261175 0.96486 10.0218 0 0 0 1 
0.993823 0.11098 6.77118e-17 -3.81055 -0.106363 0.952484 0.285412 -6.9309 0.031675 -0.283649 0.958405 10.9871 0 0 0 1 
0.993813 0.11107 7.32701e-17 -3.81366 -0.105714 0.945887 0.306794 -7.34581 0.0340757 -0.304896 0.951776 11.9155 0 0 0 1 
0.993943 0.109895 7.83642e-17 -3.77331 -0.103887 0.939606 0.32611 -7.70963 0.0358378 -0.324134 0.945332 12.7694 0 0 0 1 
0.994245 0.107134 8.274e-17 -3.6785 -0.100656 0.934128 0.342453 -8.01182 0.0366882 -0.340482 0.939535 13.5046 0 0 0 1 
0.994742 0.102408 8.60991e-17 -3.51625 -0.0957467 0.930035 0.354778 -8.24105 0.0363322 -0.352913 0.934951 14.0689 0 0 0 1 
0.995451 0.0952793 8.80967e-17 -3.27147 -0.0888217 0.927984 0.36188 -8.38368 0.0344797 -0.360234 0.932225 14.4021 0 0 0 1 
0.996357 0.0852853 8.83586e-17 -2.92832 -0.0794865 0.928611 0.36244 -8.42204 0.0309109 -0.36112 0.932007 14.439 0 0 0 1 
0.9974 0.072059 8.65325e-17 -2.47419 -0.0673607 0.932368 0.35518 -8.33321 0.0255939 -0.354257 0.934798 14.1197 0 0 0 1 
0.998452 0.055626 8.24413e-17 -1.90995 -0.0523242 0.939186 0.339399 -8.09388 0.0188794 -0.338873 0.940643 13.4161 0 0 0 1 
0.999328 0.0366434 7.62392e-17 -1.25817 -0.0347713 0.948274 0.315543 -7.69026 0.0115626 -0.315332 0.948911 12.3598 0 0 0 1 
0.999866 0.016365 6.84365e-17 -0.561903 -0.0156846 0.958294 0.285353 -7.12859 0.0046698 -0.285314 0.958423 11.0437 0 0 0 1 
0.999993 -0.00377125 5.96842e-17 0.129488 0.0036504 0.967948 0.251123 -6.43318 -0.000947048 -0.251122 0.967955 9.58375 0 0 0 1 
0.999747 -0.0224839 5.05648e-17 0.771999 0.0219583 0.976374 0.214968 -5.63784 -0.00483334 -0.214914 0.976621 8.08057 0 0 0 1 
0.999251 -0.0387051 4.15349e-17 1.32896 0.0380828 0.983184 0.178602 -4.78067 -0.00691279 -0.178468 0.983921 6.61015 0 0 0 1 
0.99867 -0.0515658 3.29485e-17 1.77054 0.0510327 0.988345 0.143419 -3.90239 -0.00739549 -0.143228 0.989662 5.22794 0 0 0 1 
0.998173 -0.0604133 2.50969e-17 2.07433 0.0600424 0.992044 0.110647 -3.04626 -0.00668457 -0.110445 0.99386 3.9764 0 0 0 1 
0.997886 -0.0649826 1.82039e-17 2.23121 0.0647674 0.994581 0.0813218 -2.2536 -0.0052845 -0.0811499 0.996688 2.88569 0 0 0 1 
0.997858 -0.0654219 1.24242e-17 2.2463 0.0653182 0.996277 0.0562614 -1.56002 -0.00368073 -0.0561409 0.998416 1.97515 0 0 0 1 
0.998052 -0.0623844 7.80506e-18 2.14201 0.0623443 0.99741 0.0358701 -0.987172 -0.00223774 -0.0358003 0.999356 1.24853 0 0 0 1 
0.998385 -0.0568044 4.29578e-18 1.95041 0.0567929 0.998183 0.0201253 -0.541375 -0.00114321 -0.0200928 0.999797 0.695973 0 0 0 1 
0.998766 -0.0496587 1.77508e-18 1.70506 0.0496568 0.998729 0.00865402 -0.215975 -0.000429747 -0.00864334 0.999963 0.297897 0 0 0 1 
0.999125 -0.0418131 8.54236e-20 1.43568 0.0418131 0.999125 0.000866849 0.00403563 -3.62457e-05 -0.000866091 1 0.029749 0 0 0 1 
0.999425 -0.0339193 -9.36962e-19 1.16464 0.033919 0.999417 -0.00390654 0.137216 0.000132507 0.00390429 0.999992 -0.133827 0 0 0 1 
0.999651 -0.0264322 -1.44247e-18 0.907564 0.0264317 0.999631 -0.00631461 0.202119 0.000166909 0.0063124 0.99998 -0.216142 0 0 0 1 
0.999807 -0.019641 -1.56461e-18 0.674385 0.0196405 0.999783 -0.00695329 0.216052 0.00013657 0.00695194 0.999976 -0.237974 0 0 0 1 
0.999906 -0.0137229 -1.41695e-18 0.471183 0.0137226 0.999886 -0.00634052 0.194139 8.70102e-05 0.00633992 0.99998 -0.217082 0 0 0 1 
0.999961 -0.00878689 -1.1045e-18 0.301703 0.00878678 0.999949 -0.0049597 0.150539 4.35804e-05 0.00495951 0.999988 -0.169919 0 0 0 1 
0.999988 -0.00489965 -7.20442e-19 0.168232 0.00489962 0.999983 -0.00324085 0.097818 1.5879e-05 0.00324081 0.999995 -0.111118 0 0 0 1 
0.999998 -0.00211204 -3.5211e-19 0.0725181 0.00211204 0.999997 -0.00158522 0.0476764 3.34805e-06 0.00158522 0.999999 -0.0543917 0 0 0 1 
1 -0.000461373 -8.1092e-20 0.0158415 0.000461373 1 -0.000365183 0.0109614 1.68486e-07 0.000365183 1 -0.0125368 0 0 0 1 
