1 2.48554e-12 -1.37277e-06 -2.05983e-05 2.48554e-12 1 3.62123e-06 5.43362e-05 1.37277e-06 -3.62123e-06 1 0.000141582 0 0 0 1 
1 1.77656e-11 -3.67008e-06 -5.50695e-05 1.77656e-11 1 9.6813e-06 0.000145268 3.67008e-06 -9.6813e-06 1 0.000378515 0 0 0 1 
1 1.00092e-10 -8.71134e-06 -0.000130716 1.00092e-10 1 2.29796e-05 0.000344815 8.71134e-06 -2.29796e-05 1 0.000898444 0 0 0 1 
1 3.20333e-10 -1.55843e-05 -0.000233852 3.20333e-10 1 4.11098e-05 0.000616877 1.55843e-05 -4.11098e-05 1 0.00160728 0 0 0 1 
1 7.49519e-10 -2.38384e-05 -0.00035772 7.49519e-10 1 6.28833e-05 0.000943628 2.38384e-05 -6.28833e-05 1 0.00245855 0 0 0 1 
1 1.6412e-09 -3.5275e-05 -0.000529359 1.6412e-09 1 9.30519e-05 0.00139639 3.5275e-05 -9.30519e-05 1 0.00363804 0 0 0 1 
1 2.99142e-09 -4.76239e-05 -0.000714704 2.99142e-09 1 0.000125627 0.00188532 4.76239e-05 -0.000125627 1 0.00491158 0 0 0 1 
1 4.96296e-09 -6.13418e-05 -0.000920615 4.96296e-09 1 0.000161813 0.00242849 6.13418e-05 -0.000161813 1 0.0063263 0 0 0 1 
1 8.07102e-09 -7.82259e-05 -0.00117408 8.07102e-09 1 0.000206352 0.0030971 7.82259e-05 -0.000206352 1 0.00806751 0 0 0 1 
1 1.23879e-08 -9.69136e-05 -0.00145465 1.23879e-08 1 0.000255648 0.00383723 9.69136e-05 -0.000255648 1 0.00999468 0 0 0 1 
1 1.80397e-08 -0.00011695 -0.00175552 1.80397e-08 1 0.000308503 0.00463088 0.00011695 -0.000308503 1 0.0120609 0 0 0 1 
1 2.55654e-08 -0.000139223 -0.00209002 2.55654e-08 1 0.000367257 0.00551325 0.000139223 -0.000367257 1 0.0143577 0 0 0 1 
1 3.12291e-08 -0.000153874 -0.00231007 3.12291e-08 1 0.000405905 0.00609374 0.000153874 -0.000405905 1 0.0158685 0 0 0 1 
1 3.76502e-08 -0.000168955 -0.0025366 3.76502e-08 1 0.000445685 0.00669129 0.000168955 -0.000445685 1 0.0174235 0 0 0 1 
1 4.57537e-08 -0.000186251 -0.00279645 4.57537e-08 1 0.000491311 0.00737675 0.000186251 -0.000491311 1 0.0192071 0 0 0 1 
1 5.46223e-08 -0.000203503 -0.00305566 5.46223e-08 1 0.000536821 0.00806052 0.000203503 -0.000536821 1 0.0209859 0 0 0 1 
1 6.5034e-08 -0.000222053 -0.0033344 6.5034e-08 1 0.000585753 0.00879581 0.000222053 -0.000585753 1 0.0228986 0 0 0 1 
1 7.18363e-08 -0.000233377 -0.00350458 7.18363e-08 1 0.000615625 0.00924473 0.000233377 -0.000615625 1 0.0240662 0 0 0 1 
1 7.83551e-08 -0.000243736 -0.00366027 7.83551e-08 1 0.000642951 0.00965543 0.000243736 -0.000642951 1 0.0251343 0 0 0 1 
1 8.63051e-08 -0.000255802 -0.00384163 8.63051e-08 1 0.00067478 0.0101338 0.000255802 -0.00067478 1 0.0263784 0 0 0 1 
1 9.78512e-08 -0.000272376 -0.00409078 9.78512e-08 1 0.0007185 0.010791 0.000272376 -0.0007185 1 0.0280872 0 0 0 1 
1 1.42709e-08 -0.000104019 -0.00156134 1.42709e-08 1 0.000274391 0.00411866 0.000104019 -0.000274391 1 0.0107274 0 0 0 1 
1 2.45466e-07 0.000431402 0.0064635 2.45467e-07 0.999999 -0.00113799 -0.0170501 -0.000431402 0.00113799 0.999999 -0.044504 0 0 0 1 
0.999999 2.93858e-06 0.00149264 0.0222818 2.93858e-06 0.999992 -0.00393742 -0.0587772 -0.00149264 0.00393742 0.999991 -0.154077 0 0 0 1 
0.999995 1.39154e-05 0.0032481 0.0481931 1.39154e-05 0.999963 -0.00856817 -0.127128 -0.0032481 0.00856817 0.999958 -0.335625 0 0 0 1 
0.999983 4.54622e-05 0.00587079 0.0863125 4.54622e-05 0.99988 -0.0154865 -0.227684 -0.00587079 0.0154865 0.999863 -0.607545 0 0 0 1 
0.999955 0.000119934 0.00953496 0.138381 0.000119934 0.999684 -0.0251522 -0.365035 -0.00953496 0.0251522 0.999638 -0.988823 0 0 0 1 
0.999896 0.000273682 0.0144019 0.205397 0.000273682 0.999278 -0.0379907 -0.541816 -0.0144019 0.0379907 0.999174 -1.49774 0 0 0 1 
0.999788 0.000560436 0.0206046 0.287257 0.000560436 0.998522 -0.0543529 -0.757754 -0.0206046 0.0543529 0.998309 -2.15044 0 0 0 1 
0.999602 0.00105049 0.0281993 0.382053 0.00105049 0.997229 -0.0743869 -1.00782 -0.0281993 0.0743869 0.996831 -2.95591 0 0 0 1 
0.999308 0.00182448 0.0371413 0.485965 0.00182448 0.995187 -0.0979749 -1.28193 -0.0371413 0.0979749 0.994496 -3.91318 0 0 0 1 
0.998879 0.00295728 0.0472456 0.593288 0.00295728 0.992199 -0.124629 -1.56503 -0.0472456 0.124629 0.991078 -5.00658 0 0 0 1 
0.998295 0.00449755 0.0581964 0.697381 0.00449755 0.988136 -0.153516 -1.83962 -0.0581964 0.153516 0.986431 -6.20572 0 0 0 1 
0.997556 0.00644726 0.0695747 0.791882 0.00644726 0.982993 -0.183531 -2.0889 -0.0695747 0.183531 0.980549 -7.46749 0 0 0 1 
0.996684 0.00874815 0.080902 0.871887 0.00874815 0.976923 -0.213411 -2.29995 -0.080902 0.213411 0.973607 -8.7399 0 0 0 1 
0.995727 0.0112719 0.0916559 0.934574 0.0112719 0.970266 -0.241779 -2.46531 -0.0916559 0.241779 0.965993 -9.96326 0 0 0 1 
0.994762 0.0138163 0.101277 0.979448 0.0138163 0.963554 -0.267157 -2.58368 -0.101277 0.267157 0.958316 -11.0707 0 0 0 1 
0.993894 0.0161078 0.10916 1.00814 0.0161078 0.957509 -0.287952 -2.65938 -0.10916 0.287952 0.951403 -11.9874 0 0 0 1 
0.993236 0.0178419 0.114731 1.02394 0.0178419 0.952935 -0.302649 -2.70106 -0.114731 0.302649 0.946171 -12.6406 0 0 0 1 
0.992882 0.0187754 0.117609 1.03063 0.0187754 0.950472 -0.310242 -2.7187 -0.117609 0.310242 0.943355 -12.9797 0 0 0 1 
0.992856 0.0188444 0.117819 1.03108 0.0188444 0.95029 -0.310794 -2.71988 -0.117819 0.310794 0.943147 -13.0044 0 0 0 1 
0.993108 0.0181798 0.115782 1.0265 0.0181798 0.952044 -0.305422 -2.70781 -0.115782 0.305422 0.945152 -12.7643 0 0 0 1 
0.993552 0.0170084 0.112092 1.01693 0.0170084 0.955134 -0.295687 -2.68255 -0.112092 0.295687 0.948686 -12.3306 0 0 0 1 
0.994105 0.0155505 0.107301 1.00204 0.0155505 0.958979 -0.283049 -2.64328 -0.107301 0.283049 0.953084 -11.7705 0 0 0 1 
0.994702 0.0139763 0.101848 0.981777 0.0139763 0.963132 -0.268666 -2.58983 -0.101848 0.268666 0.957834 -11.1369 0 0 0 1 
0.995297 0.0124054 0.0960704 0.956495 0.0124054 0.967276 -0.253424 -2.52313 -0.0960704 0.253424 0.962573 -10.4699 0 0 0 1 
0.995862 0.010916 0.0902222 0.926974 0.010916 0.971205 -0.237997 -2.44526 -0.0902222 0.237997 0.967066 -9.79928 0 0 0 1 
0.996377 0.00955679 0.0845062 0.894351 0.00955679 0.97479 -0.222919 -2.35921 -0.0845062 0.222919 0.971167 -9.14823 0 0 0 1 
0.996833 0.00835423 0.0790834 0.86 0.00835423 0.977962 -0.208614 -2.26859 -0.0790834 0.208614 0.974795 -8.5345 0 0 0 1 
0.997225 0.00732027 0.0740864 0.825446 0.00732027 0.98069 -0.195432 -2.17744 -0.0740864 0.195432 0.977915 -7.97233 0 0 0 1 
0.997553 0.00645615 0.0696222 0.792247 0.00645615 0.982969 -0.183656 -2.08987 -0.0696222 0.183656 0.980522 -7.47279 0 0 0 1 
0.997818 0.00575616 0.0657747 0.761884 0.00575616 0.984816 -0.173507 -2.00977 -0.0657747 0.173507 0.982634 -7.04429 0 0 0 1 
0.998025 0.0052101 0.0626031 0.735644 0.0052101 0.986256 -0.16514 -1.94055 -0.0626031 0.16514 0.984281 -6.69246 0 0 0 1 
0.998178 0.00480517 0.0601396 0.714512 0.00480517 0.987324 -0.158642 -1.88481 -0.0601396 0.158642 0.985503 -6.42006 0 0 0 1 
0.998284 0.00452756 0.0583888 0.699096 0.00452756 0.988057 -0.154024 -1.84414 -0.0583888 0.154024 0.98634 -6.22693 0 0 0 1 
0.998346 0.00436244 0.0573214 0.689536 0.00436244 0.988492 -0.151208 -1.81892 -0.0573214 0.151208 0.986839 -6.10937 0 0 0 1 
0.998372 0.00429383 0.0568719 0.685472 0.00429383 0.988673 -0.150022 -1.80821 -0.0568719 0.150022 0.987046 -6.05989 0 0 0 1 
0.998368 0.00430496 0.056945 0.686135 0.00430496 0.988644 -0.150215 -1.80995 -0.056945 0.150215 0.987012 -6.06794 0 0 0 1 
0.998342 0.00437487 0.0574025 0.690266 0.00437487 0.98846 -0.151422 -1.82085 -0.0574025 0.151422 0.986801 -6.11829 0 0 0 1 
0.998302 0.00447943 0.0580798 0.69634 0.00447943 0.988184 -0.153209 -1.83687 -0.0580798 0.153209 0.986486 -6.19287 0 0 0 1 
0.99826 0.0045907 0.0587917 0.702673 0.0045907 0.98789 -0.155087 -1.85358 -0.0587917 0.155087 0.98615 -6.27134 0 0 0 1 
0.998227 0.00467723 0.0593394 0.707507 0.00467723 0.987662 -0.156531 -1.86633 -0.0593394 0.156531 0.985889 -6.33174 0 0 0 1 
0.998217 0.00470296 0.0595012 0.708929 0.00470296 0.987594 -0.156958 -1.87008 -0.0595012 0.156958 0.985811 -6.34959 0 0 0 1 
0.99824 0.00464244 0.0591198 0.705573 0.00464244 0.987754 -0.155952 -1.86123 -0.0591198 0.155952 0.985994 -6.30752 0 0 0 1 
0.998303 0.0044765 0.058061 0.696172 0.0044765 0.988191 -0.153159 -1.83643 -0.058061 0.153159 0.986494 -6.1908 0 0 0 1 
0.998413 0.0041861 0.0561585 0.67898 0.0041861 0.988958 -0.14814 -1.79108 -0.0561585 0.14814 0.987371 -5.98144 0 0 0 1 
0.998569 0.0037745 0.0533428 0.652824 0.0037745 0.990043 -0.140713 -1.72208 -0.0533428 0.140713 0.988612 -5.67241 0 0 0 1 
0.998766 0.00325564 0.0495605 0.616357 0.00325564 0.991412 -0.130735 -1.62589 -0.0495605 0.130735 0.990178 -5.25883 0 0 0 1 
0.998993 0.00265633 0.0447874 0.568169 0.00265633 0.992993 -0.118144 -1.49877 -0.0447874 0.118144 0.991986 -4.73942 0 0 0 1 
0.999236 0.00201519 0.0390286 0.506828 0.00201519 0.994684 -0.102954 -1.33696 -0.0390286 0.102954 0.99392 -4.11647 0 0 0 1 
0.999477 0.00138011 0.032314 0.430906 0.00138011 0.996359 -0.0852411 -1.13669 -0.032314 0.0852411 0.995836 -3.3952 0 0 0 1 
0.999695 0.000804818 0.0246872 0.338959 0.000804818 0.997877 -0.0651222 -0.89414 -0.0246872 0.0651222 0.997572 -2.58256 0 0 0 1 
0.999869 0.000346664 0.0162079 0.229643 0.000346664 0.999086 -0.0427548 -0.605774 -0.0162079 0.0427548 0.998954 -1.6873 0 0 0 1 
0.999976 6.36786e-05 0.00694803 0.101764 6.36786e-05 0.999832 -0.0183282 -0.268443 -0.00694803 0.0183282 0.999808 -0.719472 0 0 0 1 
0.999995 1.19155e-05 -0.00300565 -0.0455651 1.19155e-05 0.999969 0.00792861 0.120196 0.00300565 -0.00792861 0.999964 0.309451 0 0 0 1 
0.999908 0.000242532 -0.0135579 -0.212915 0.000242532 0.99936 0.0357642 0.561649 0.0135579 -0.0357642 0.999268 1.38732 0 0 0 1 
0.999697 0.000799113 -0.0245996 -0.400356 0.000799113 0.997892 0.0648912 1.0561 0.0245996 -0.0648912 0.997589 2.50092 0 0 0 1 
0.99935 0.0017141 -0.0360033 -0.60724 0.0017141 0.995478 0.094973 1.60184 0.0360033 -0.094973 0.994829 3.63562 0 0 0 1 
0.998861 0.00300501 -0.0476236 -0.832071 0.00300501 0.992073 0.125626 2.19492 0.0476236 -0.125626 0.990934 4.77565 0 0 0 1 
0.99823 0.00466808 -0.0592817 -1.07202 0.00466808 0.987686 0.156379 2.82788 0.0592817 -0.156379 0.985916 5.90274 0 0 0 1 
0.997471 0.00667099 -0.0707595 -1.32255 0.00667099 0.982403 0.186656 3.48876 0.0707595 -0.186656 0.979874 6.99584 0 0 0 1 
0.996611 0.00893999 -0.0817723 -1.57651 0.00893999 0.976417 0.215707 4.15867 0.0817723 -0.215707 0.973028 8.02893 0 0 0 1 
0.9957 0.0113437 -0.0919422 -1.82308 0.0113437 0.970077 0.242534 4.80911 0.0919422 -0.242534 0.965776 8.96899 0 0 0 1 
0.994816 0.0136752 -0.100769 -2.04668 0.0136752 0.963926 0.265818 5.39894 0.100769 -0.265818 0.958742 9.77378 0 0 0 1 
0.994069 0.0156464 -0.107624 -2.22661 0.0156464 0.958726 0.2839 5.87357 0.107624 -0.2839 0.952795 10.3915 0 0 0 1 
0.993581 0.0169334 -0.111851 -2.34036 0.0169334 0.955331 0.295051 6.17362 0.111851 -0.295051 0.948912 10.7692 0 0 0 1 
0.993442 0.0172991 -0.11302 -2.3722 0.0172991 0.954367 0.298136 6.25762 0.11302 -0.298136 0.947809 10.8733 0 0 0 1 
0.993663 0.0167158 -0.111149 -2.32131 0.0167158 0.955905 0.293198 6.12338 0.111149 -0.293198 0.949569 10.7067 0 0 0 1 
0.99418 0.0153525 -0.106632 -2.20024 0.0153525 0.959502 0.281284 5.804 0.106632 -0.281284 0.953682 10.3026 0 0 0 1 
0.994895 0.0134652 -0.100008 -2.02706 0.0134652 0.96448 0.263811 5.34717 0.100008 -0.263811 0.959376 9.70485 0 0 0 1 
0.995714 0.011306 -0.0917922 -1.81936 0.011306 0.970176 0.242138 4.79929 0.0917922 -0.242138 0.96589 8.95523 0 0 0 1 
0.996554 0.00908919 -0.0824424 -1.5924 0.00908919 0.976024 0.217475 4.20058 0.0824424 -0.217475 0.972578 8.09129 0 0 0 1 
0.997352 0.00698622 -0.0723947 -1.35941 0.00698622 0.981571 0.19097 3.58599 0.0723947 -0.19097 0.978923 7.1502 0 0 0 1 
0.998057 0.00512529 -0.0620955 -1.13212 0.00512529 0.98648 0.163801 2.98641 0.0620955 -0.163801 0.984537 6.17223 0 0 0 1 
0.998641 0.00358446 -0.0519901 -0.920245 0.00358446 0.990545 0.137145 2.42751 0.0519901 -0.137145 0.989186 5.19977 0 0 0 1 
0.999094 0.00238907 -0.0424832 -0.730859 0.00238907 0.993698 0.112066 1.92793 0.0424832 -0.112066 0.992792 4.27337 0 0 0 1 
0.999425 0.00151695 -0.0338746 -0.567591 0.00151695 0.995998 0.0893578 1.49725 0.0338746 -0.0893578 0.995423 3.42501 0 0 0 1 
0.999653 0.00091588 -0.0263333 -0.430935 0.00091588 0.997584 0.0694645 1.13676 0.0263333 -0.0694645 0.997237 2.67444 0 0 0 1 
0.999802 0.000523564 -0.0199159 -0.319304 0.000523564 0.998619 0.052536 0.842291 0.0199159 -0.052536 0.99842 2.03033 0 0 0 1 
0.999894 0.000280904 -0.0145906 -0.229912 0.000280904 0.999259 0.0384885 0.606484 0.0145906 -0.0384885 0.999153 1.49209 0 0 0 1 
0.999947 0.000139513 -0.0102837 -0.159759 0.000139513 0.999632 0.0271272 0.421428 0.0102837 -0.0271272 0.999579 1.0543 0 0 0 1 
0.999976 6.27242e-05 -0.00689578 -0.105922 6.27242e-05 0.999835 0.0181903 0.279412 0.00689578 -0.0181903 0.999811 0.70836 0 0 0 1 
0.999991 2.46847e-05 -0.00432606 -0.0658767 2.46847e-05 0.999935 0.0114117 0.173776 0.00432606 -0.0114117 0.999926 0.445053 0 0 0 1 
0.999997 8.01709e-06 -0.00246543 -0.0373067 8.01709e-06 0.999979 0.00650354 0.0984112 0.00246543 -0.00650354 0.999976 0.25391 0 0 0 1 
0.999999 1.92768e-06 -0.00120893 -0.0182152 1.92768e-06 0.999995 0.00318904 0.0480498 0.00120893 -0.00318904 0.999994 0.124597 0 0 0 1 
1 2.70748e-07 -0.000453073 -0.00680886 2.70748e-07 0.999999 0.00119516 0.0179611 0.000453073 -0.00119516 0.999999 0.0467157 0 0 0 1 
1 1.12635e-08 -9.24109e-05 -0.00138705 1.12635e-08 1 0.00024377 0.00365889 9.24109e-05 -0.00024377 1 0.00953034 0 0 0 1 
