1 2.34843e-05 -2.40861e-06 -0.00238229 -2.34842e-05 1 1.18417e-05 -1.10147e-06 2.40888e-06 -1.18416e-05 1 0.00150649 0 0 0 1 
1 7.03602e-05 -6.774e-06 -0.00715971 -7.036e-05 1 3.5224e-05 1.75347e-05 6.77648e-06 -3.52235e-05 1 0.00456037 0 0 0 1 
1 0.000164214 -1.59572e-05 -0.0167032 -0.000164213 1 8.22832e-05 3.485e-05 1.59707e-05 -8.22806e-05 1 0.010627 0 0 0 1 
1 0.000293269 -2.85288e-05 -0.0298297 -0.000293265 1 0.000146941 6.2777e-05 2.85719e-05 -0.000146933 1 0.0189734 0 0 0 1 
1 0.000457446 -4.40379e-05 -0.0465543 -0.000457436 1 0.000228887 0.000123409 4.41426e-05 -0.000228867 1 0.0296402 0 0 0 1 
1 0.000668753 -6.48205e-05 -0.0680413 -0.000668731 1 0.000334773 0.000167258 6.50443e-05 -0.00033473 1 0.0432776 0 0 0 1 
1 0.000903527 -8.75649e-05 -0.091935 -0.000903488 0.999999 0.00045215 0.000237612 8.79733e-05 -0.000452071 1 0.0584607 0 0 0 1 
0.999999 0.0011735 -0.000113252 -0.119438 -0.00117343 0.999999 0.000586766 0.00034741 0.00011394 -0.000586633 1 0.0759625 0 0 0 1 
0.999999 0.0014907 -0.000144219 -0.15172 -0.00149059 0.999999 0.000745257 0.000449479 0.00014533 -0.000745041 1 0.0964329 0 0 0 1 
0.999998 0.00184328 -0.000178586 -0.187611 -0.00184311 0.999998 0.000921233 0.000577747 0.000180284 -0.000920903 1 0.119179 0 0 0 1 
0.999997 0.00223118 -0.000215905 -0.227132 -0.00223094 0.999997 0.00111437 0.000756725 0.000218391 -0.00111388 0.999999 0.144241 0 0 0 1 
0.999996 0.00265464 -0.000257082 -0.270264 -0.0026543 0.999996 0.00132522 0.000949659 0.000260599 -0.00132454 0.999999 0.171537 0 0 0 1 
0.999995 0.00311169 -0.000292192 -0.317295 -0.00311123 0.999994 0.00154714 0.00161232 0.000297004 -0.00154622 0.999999 0.201963 0 0 0 1 
0.999993 0.00360405 -0.000329367 -0.368007 -0.00360346 0.999992 0.0017855 0.00237968 0.000335799 -0.0017843 0.999998 0.234782 0 0 0 1 
0.999991 0.00414383 -0.00037095 -0.423578 -0.00414306 0.999989 0.00204688 0.00321041 0.000379428 -0.00204532 0.999998 0.270643 0 0 0 1 
0.999989 0.00470732 -0.000413629 -0.481645 -0.00470634 0.999986 0.00231887 0.00414257 0.000424539 -0.0023169 0.999997 0.308122 0 0 0 1 
0.999986 0.0053182 -0.000459828 -0.544622 -0.00531698 0.999982 0.00261318 0.00519211 0.000473718 -0.0026107 0.999996 0.34872 0 0 0 1 
0.999982 0.0059515 -0.000499927 -0.610323 -0.00595002 0.999978 0.00291316 0.0066794 0.000517254 -0.00291013 0.999996 0.391585 0 0 0 1 
0.999978 0.00662026 -0.000540782 -0.679803 -0.00661848 0.999973 0.0032284 0.00836085 0.000562141 -0.00322475 0.999995 0.436956 0 0 0 1 
0.999973 0.00733682 -0.000585643 -0.754225 -0.00733469 0.999967 0.00356605 0.0101604 0.000611787 -0.00356166 0.999993 0.485398 0 0 0 1 
0.999935 0.0114164 -0.000791552 -1.18099 -0.0114119 0.99992 0.00544393 0.0236055 0.000853638 -0.00543454 0.999985 0.765232 0 0 0 1 
0.999805 0.0197074 -0.00102277 -2.06076 -0.0196973 0.999765 0.00906309 0.0640586 0.00120114 -0.00904117 0.999958 1.34716 0 0 0 1 
0.999546 0.0301058 -0.00102013 -3.18458 -0.0300897 0.999459 0.0132474 0.135863 0.0014184 -0.0132106 0.999912 2.09467 0 0 0 1 
0.999098 0.0424533 -0.000644855 -4.54609 -0.0424352 0.998942 0.0177026 0.247468 0.00139571 -0.0176592 0.999843 3.00123 0 0 0 1 
0.998399 0.0565556 0.000242918 -6.13529 -0.0565472 0.998156 0.0220844 0.405503 0.00100653 -0.0220628 0.999756 4.05661 0 0 0 1 
0.997394 0.0721317 0.00178003 -7.93243 -0.0721536 0.997055 0.0259896 0.613165 9.9889e-05 -0.0260503 0.999661 5.24423 0 0 0 1 
0.996042 0.0887915 0.00409729 -9.90483 -0.0888732 0.995622 0.0289678 0.868821 -0.00150726 -0.0292173 0.999572 6.54144 0 0 0 1 
0.994342 0.105975 0.00731036 -11.9987 -0.10615 0.993881 0.0305384 1.16415 -0.00402932 -0.0311416 0.999507 7.91755 0 0 0 1 
0.992362 0.122824 0.0115199 -14.1236 -0.123122 0.991932 0.0302081 1.48213 -0.00771671 -0.0313957 0.999477 9.32996 0 0 0 1 
0.990254 0.138258 0.0167743 -16.1575 -0.138683 0.989952 0.0275919 1.79721 -0.0127909 -0.0296493 0.999479 10.7292 0 0 0 1 
0.988283 0.150879 0.023077 -17.936 -0.151393 0.988218 0.0224629 2.07682 -0.019416 -0.0256934 0.999481 12.0567 0 0 0 1 
0.986776 0.159222 0.0303592 -19.2796 -0.159723 0.98705 0.0148708 2.28816 -0.0275983 -0.0195232 0.999428 13.2537 0 0 0 1 
0.98606 0.161872 0.0384991 -20.012 -0.162185 0.986747 0.00512214 2.40616 -0.0371597 -0.0112947 0.999246 14.2621 0 0 0 1 
0.986336 0.157804 0.0473175 -20.0028 -0.157684 0.98747 -0.00627745 2.42316 -0.0477152 -0.00126956 0.99886 15.031 0 0 0 1 
0.987605 0.146404 0.0565938 -19.1756 -0.145561 0.989171 -0.0187736 2.35307 -0.0587295 0.010303 0.998221 15.5093 0 0 0 1 
0.989639 0.127483 0.0660487 -17.5099 -0.125605 0.991569 -0.031858 2.23211 -0.0695531 0.0232318 0.997308 15.6409 0 0 0 1 
0.992 0.101305 0.0753171 -15.0419 -0.0981003 0.994154 -0.0451068 2.11635 -0.0794463 0.0373573 0.996139 15.364 0 0 0 1 
0.994105 0.0686605 0.0839156 -11.8666 -0.0639 0.99626 -0.0581583 2.07446 -0.0875949 0.0524532 0.994774 14.6166 0 0 0 1 
0.99534 0.031147 0.0912583 -8.16183 -0.0247242 0.997192 -0.0706849 2.17201 -0.0932037 0.0680992 0.993315 13.3635 0 0 0 1 
0.995267 -0.00875716 0.0967797 -4.1897 0.0167802 0.996458 -0.0824003 2.4453 -0.0957153 0.0836344 0.991889 11.6313 0 0 0 1 
0.993802 -0.0482012 0.100168 -0.243484 0.0575988 0.993985 -0.0931488 2.88041 -0.0950756 0.098341 0.990601 9.52477 0 0 0 1 
0.991198 -0.0850148 0.101487 3.45749 0.0954637 0.990092 -0.102978 3.42363 -0.0917269 0.11176 0.989493 7.18581 0 0 0 1 
0.987841 -0.118143 0.101058 6.80798 0.129298 0.985252 -0.112075 4.01234 -0.0863266 0.123779 0.988548 4.74119 0 0 0 1 
0.984073 -0.147461 0.0992755 9.79541 0.159006 0.979875 -0.120677 4.59831 -0.0794826 0.13454 0.987715 2.27602 0 0 0 1 
0.980136 -0.173266 0.0964983 12.4482 0.184925 0.974251 -0.128988 5.15146 -0.0716643 0.14427 0.98694 -0.157085 0 0 0 1 
0.976176 -0.196024 0.0930279 14.8094 0.207566 0.968556 -0.137173 5.65744 -0.0632134 0.153215 0.986169 -2.5272 0 0 0 1 
0.972273 -0.216206 0.0891109 16.9218 0.22744 0.962883 -0.145352 6.11264 -0.0543773 0.16159 0.985359 -4.81521 0 0 0 1 
0.968456 -0.234254 0.0849559 18.8239 0.245024 0.957271 -0.153611 6.52101 -0.0453419 0.169582 0.984473 -7.00848 0 0 0 1 
0.964732 -0.250547 0.0807409 20.5476 0.260727 0.951724 -0.161998 6.8909 -0.0362549 0.177336 0.983482 -9.09711 0 0 0 1 
0.961084 -0.265417 0.0766236 22.1193 0.27491 0.946225 -0.170539 7.23377 -0.0272392 0.184967 0.982367 -11.0729 0 0 0 1 
0.957492 -0.279137 0.0727433 23.5598 0.287872 0.940748 -0.179227 7.5622 -0.0184042 0.19255 0.981115 -12.9278 0 0 0 1 
0.953935 -0.291919 0.0692218 24.8847 0.299852 0.935273 -0.188025 7.8885 -0.00985325 0.20012 0.979722 -14.653 0 0 0 1 
0.950395 -0.303927 0.0661604 26.1051 0.31104 0.929785 -0.19686 8.22359 -0.00168385 0.207674 0.978197 -16.2394 0 0 0 1 
0.946865 -0.315272 0.0636362 27.2285 0.321574 0.924286 -0.205635 8.57587 0.00601274 0.215172 0.976558 -17.6783 0 0 0 1 
0.943357 -0.325991 0.0616988 28.2572 0.331518 0.91881 -0.214205 8.94912 0.0131394 0.222526 0.974838 -18.9598 0 0 0 1 
0.939902 -0.336067 0.0603624 29.1905 0.340882 0.91342 -0.222404 9.34218 0.0196064 0.229614 0.973084 -20.0754 0 0 0 1 
0.936555 -0.345418 0.059601 30.0242 0.349605 0.908216 -0.230041 9.74772 0.0253297 0.236283 0.971354 -21.0193 0 0 0 1 
0.933398 -0.353899 0.0593542 30.7511 0.357566 0.903338 -0.236912 10.1524 0.0302261 0.242356 0.969716 -21.7876 0 0 0 1 
0.930546 -0.361308 0.0595126 31.3615 0.364573 0.89896 -0.242811 10.536 0.03423 0.247644 0.968246 -22.3822 0 0 0 1 
0.928126 -0.367411 0.0599352 31.8456 0.370394 0.895279 -0.247556 10.8745 0.0372959 0.251963 0.967018 -22.8108 0 0 0 1 
0.926277 -0.371962 0.0604549 32.1937 0.374777 0.892493 -0.250996 11.1417 0.0394053 0.255149 0.966099 -23.087 0 0 0 1 
0.925136 -0.374722 0.0608863 32.3978 0.377462 0.890789 -0.253018 11.3113 0.0405744 0.257058 0.965544 -23.2297 0 0 0 1 
0.924817 -0.375486 0.0610158 32.4537 0.378207 0.890315 -0.253572 11.359 0.0408896 0.257585 0.96539 -23.267 0 0 0 1 
0.925381 -0.374147 0.0606878 32.3612 0.376873 0.891141 -0.252656 11.2706 0.0404492 0.256675 0.965651 -23.2218 0 0 0 1 
0.926844 -0.370658 0.0597628 32.1234 0.373373 0.893276 -0.2503 11.0381 0.039391 0.254303 0.966322 -23.1162 0 0 0 1 
0.929189 -0.365017 0.0580597 31.748 0.367653 0.896679 -0.246574 10.6559 0.0379426 0.250459 0.967383 -22.9802 0 0 0 1 
0.932333 -0.357319 0.0554847 31.2451 0.359774 0.901227 -0.241563 10.1296 0.0363107 0.245179 0.968798 -22.8306 0 0 0 1 
0.936167 -0.347697 0.0519502 30.6264 0.349838 0.906764 -0.235356 9.46764 0.034726 0.238506 0.97052 -22.6818 0 0 0 1 
0.940561 -0.336301 0.0473896 29.9037 0.337976 0.913113 -0.228026 8.68063 0.0334133 0.230489 0.972501 -22.5425 0 0 0 1 
0.945376 -0.323295 0.0417587 29.0881 0.324348 0.920087 -0.219632 7.78092 0.0325845 0.22118 0.974689 -22.4152 0 0 0 1 
0.95047 -0.308836 0.0350329 28.1891 0.30912 0.9275 -0.210209 6.78115 0.0324272 0.210627 0.977029 -22.2969 0 0 0 1 
0.955708 -0.293058 0.0271996 27.2135 0.29245 0.935185 -0.199757 5.69319 0.0331038 0.198864 0.979468 -22.1795 0 0 0 1 
0.960962 -0.276078 0.0182628 26.166 0.27449 0.942983 -0.18825 4.52897 0.0347501 0.185914 0.981951 -22.0502 0 0 0 1 
0.966112 -0.257991 0.00824221 25.0486 0.255388 0.950753 -0.175632 3.30066 0.0374753 0.171786 0.984421 -21.8923 0 0 0 1 
0.971047 -0.238872 -0.00281947 23.8603 0.235282 0.958361 -0.161823 2.02169 0.041357 0.156474 0.986816 -21.6845 0 0 0 1 
0.975662 -0.218775 -0.0148597 22.5975 0.214304 0.965686 -0.146714 0.707102 0.0464472 0.139959 0.989067 -21.4029 0 0 0 1 
0.979862 -0.197732 -0.0277854 21.2532 0.192577 0.972608 -0.130181 -0.625131 0.0527652 0.122208 0.991101 -21.0198 0 0 0 1 
0.983559 -0.175763 -0.0414628 19.8177 0.170224 0.979009 -0.112094 -1.95265 0.0602944 0.103193 0.992832 -20.5056 0 0 0 1 
0.986676 -0.152858 -0.0557135 18.2763 0.147349 0.984766 -0.0923221 -3.2483 0.068977 0.0828827 0.994169 -19.828 0 0 0 1 
0.989151 -0.128992 -0.070291 16.6103 0.124041 0.98975 -0.0707706 -4.47788 0.0786994 0.0612839 0.995013 -18.9546 0 0 0 1 
0.990939 -0.1041 -0.0848707 14.7937 0.100343 0.993823 -0.0473987 -5.59973 0.0892807 0.038453 0.995264 -17.8529 0 0 0 1 
0.992017 -0.078095 -0.0990152 12.7943 0.0762494 0.996839 -0.0222944 -6.5627 0.100443 0.0145665 0.994836 -16.4948 0 0 0 1 
0.992388 -0.0508857 -0.112143 10.5733 0.0516858 0.998654 0.00423724 -7.30632 0.111776 -0.0100012 0.993683 -14.8614 0 0 0 1 
0.99209 -0.0224555 -0.123502 8.09356 0.0265393 0.999151 0.0315218 -7.76422 0.122689 -0.0345501 0.991844 -12.9551 0 0 0 1 
0.991201 0.00698402 -0.132181 5.33685 0.000748775 0.998295 0.0583614 -7.87547 0.132364 -0.0579469 0.989506 -10.8129 0 0 0 1 
0.98985 0.0367132 -0.137289 2.34297 -0.0254422 0.996227 0.0829688 -7.61192 0.139817 -0.0786337 0.98705 -8.52801 0 0 0 1 
0.98822 0.0655077 -0.138308 -0.772511 -0.0513687 0.993309 0.103434 -7.00778 0.144158 -0.0951113 0.984973 -6.2344 0 0 0 1 
0.986517 0.0919453 -0.135386 -3.83821 -0.0760172 0.990045 0.118459 -6.16106 0.14493 -0.10657 0.983686 -4.06406 0 0 0 1 
0.984946 0.114857 -0.129189 -6.68408 -0.0983329 0.986921 0.127737 -5.19306 0.142171 -0.113111 0.983358 -2.10128 0 0 0 1 
0.983697 0.133461 -0.120532 -9.17448 -0.117407 0.984312 0.131703 -4.2087 0.136218 -0.115404 0.983934 -0.379817 0 0 0 1 
0.982954 0.147206 -0.110148 -11.203 -0.132447 0.982484 0.13108 -3.28421 0.127514 -0.114257 0.985234 1.09193 0 0 0 1 
0.982873 0.155663 -0.0986383 -12.6846 -0.142755 0.981622 0.126648 -2.47013 0.11654 -0.110398 0.987031 2.31106 0 0 0 1 
0.983555 0.158536 -0.0865198 -13.5558 -0.147773 0.981816 0.119164 -1.79676 0.103838 -0.104419 0.989098 3.26995 0 0 0 1 
0.984981 0.155868 -0.0742801 -13.798 -0.147307 0.983021 0.109408 -1.27439 0.090072 -0.0968224 0.991218 3.96096 0 0 0 1 
0.987007 0.148076 -0.062376 -13.4412 -0.141581 0.985052 0.0981227 -0.895971 0.0759732 -0.0880165 0.993218 4.37779 0 0 0 1 
0.989371 0.136094 -0.0512167 -12.5804 -0.131396 0.987589 0.0860376 -0.638014 0.0622903 -0.0783935 0.994975 4.53035 0 0 0 1 
0.991783 0.121147 -0.0411033 -11.3485 -0.117906 0.990281 0.0737715 -0.469173 0.049641 -0.068319 0.996428 4.4452 0 0 0 1 
0.994003 0.104499 -0.0322055 -9.88595 -0.102373 0.992825 0.0617993 -0.358661 0.0384324 -0.0581318 0.997569 4.16278 0 0 0 1 
0.995878 0.087306 -0.0245824 -8.32235 -0.0859845 0.995017 0.0504746 -0.281776 0.0288666 -0.0481529 0.998423 3.73259 0 0 0 1 
0.997347 0.0704784 -0.0182019 -6.75993 -0.0697066 0.996764 0.0400315 -0.222112 0.0209643 -0.0386565 0.999033 3.20494 0 0 0 1 
0.998418 0.0547071 -0.0129881 -5.27563 -0.0542887 0.998055 0.0306364 -0.170886 0.0146388 -0.0298828 0.999446 2.62712 0 0 0 1 
0.999141 0.0404745 -0.00883663 -3.92303 -0.0402682 0.998938 0.0223979 -0.124791 0.00973378 -0.0220228 0.99971 2.04068 0 0 0 1 
0.999589 0.0281189 -0.00564042 -2.73927 -0.0280292 0.999489 0.0153968 -0.0840799 0.00607047 -0.0152323 0.999866 1.48115 0 0 0 1 
0.999835 0.0178657 -0.00328321 -1.74968 -0.0178332 0.999794 0.00968323 -0.0502102 0.00345554 -0.00962309 0.999948 0.979174 0 0 0 1 
0.99995 0.009861 -0.00165295 -0.971234 -0.00985213 0.999937 0.00528856 -0.0248936 0.001705 -0.00527201 0.999985 0.560304 0 0 0 1 
0.999991 0.00419875 -0.000639907 -0.416004 -0.00419731 0.999989 0.00222698 -0.00898457 0.00064925 -0.00222427 0.999997 0.246329 0 0 0 1 
1 0.000912931 -0.000132745 -0.090679 -0.000912867 0.999999 0.000482183 -0.0018244 0.000133185 -0.000482062 1 0.0543705 0 0 0 1 
