1 1.30648e-05 -1.90645e-05 -0.00170676 -1.30648e-05 1 -1.5446e-06 -0.000369817 1.90645e-05 1.54485e-06 1 4.92241e-05 0 0 0 1 
1 3.8735e-05 -5.73281e-05 -0.00510932 -3.87353e-05 1 -5.40311e-06 -0.00110168 5.73279e-05 5.40533e-06 1 0.000137447 0 0 0 1 
1 9.05353e-05 -0.000133737 -0.0119263 -9.0537e-05 1 -1.23543e-05 -0.00257306 0.000133735 1.23664e-05 1 0.0003235 0 0 0 1 
1 0.000161704 -0.000238842 -0.0212999 -0.00016171 1 -2.20143e-05 -0.00459503 0.000238839 2.20529e-05 1 0.000576981 0 0 0 1 
1 0.000251783 -0.000372803 -0.0332205 -0.000251797 1 -3.51576e-05 -0.00715969 0.000372794 3.52515e-05 1 0.000886763 0 0 0 1 
1 0.000368455 -0.00054487 -0.0485721 -0.000368483 1 -5.06453e-05 -0.0104709 0.000544851 5.08461e-05 1 0.00130084 0 0 0 1 
1 0.000497736 -0.000736258 -0.0656266 -0.000497787 1 -6.84737e-05 -0.0141433 0.000736224 6.88402e-05 1 0.00174914 0 0 0 1 
0.999999 0.000645932 -0.000956625 -0.0852352 -0.000646018 1 -8.98123e-05 -0.0183576 0.000956566 9.04303e-05 1 0.00224893 0 0 0 1 
0.999999 0.000820726 -0.00121526 -0.108284 -0.000820864 1 -0.000113531 -0.0233172 0.00121517 0.000114528 0.999999 0.00284666 0 0 0 1 
0.999998 0.0010149 -0.00150287 -0.133906 -0.00101511 0.999999 -0.00014002 -0.0288254 0.00150273 0.000141545 0.999999 0.00350079 0 0 0 1 
0.999998 0.00122799 -0.00181967 -0.162094 -0.0012283 0.999999 -0.000170063 -0.0348741 0.00181946 0.000172298 0.999998 0.00419836 0 0 0 1 
0.999997 0.00146093 -0.00216547 -0.192875 -0.00146137 0.999999 -0.000202141 -0.0414779 0.00216517 0.000205305 0.999998 0.00495648 0 0 0 1 
0.999995 0.00170365 -0.00254325 -0.226013 -0.0017043 0.999999 -0.00025319 -0.0484683 0.00254282 0.000257523 0.999997 0.00554889 0 0 0 1 
0.999994 0.0019644 -0.00295075 -0.261711 -0.00196532 0.999998 -0.000309391 -0.0559829 0.00295013 0.000315188 0.999996 0.00615401 0 0 0 1 
0.999992 0.00225087 -0.00339735 -0.300862 -0.00225214 0.999997 -0.000369637 -0.0642246 0.00339651 0.000377285 0.999994 0.00681402 0 0 0 1 
0.999989 0.00254909 -0.00386421 -0.341735 -0.00255078 0.999997 -0.000433907 -0.0728089 0.00386309 0.000443759 0.999992 0.00746188 0 0 0 1 
0.999986 0.00287213 -0.0043707 -0.386054 -0.00287436 0.999996 -0.000503816 -0.0821038 0.00436923 0.000516372 0.99999 0.00813415 0 0 0 1 
0.999983 0.00319965 -0.00489978 -0.431935 -0.00320258 0.999995 -0.000590107 -0.0916199 0.00489786 0.000605789 0.999988 0.00862307 0 0 0 1 
0.999979 0.00354391 -0.00545957 -0.480382 -0.00354769 0.999993 -0.000683991 -0.101636 0.00545711 0.000703345 0.999985 0.0090704 0 0 0 1 
0.999974 0.0039135 -0.00605932 -0.532315 -0.00391831 0.999992 -0.000782845 -0.112369 0.0060562 0.000806567 0.999981 0.00953407 0 0 0 1 
0.999937 0.00596706 -0.00950576 -0.827779 -0.00598097 0.999981 -0.00143615 -0.17253 0.00949701 0.00149292 0.999954 0.0102447 0 0 0 1 
0.999812 0.00994182 -0.0166422 -1.42785 -0.00999498 0.999945 -0.00311415 -0.290956 0.0166103 0.00327991 0.999857 0.00307334 0 0 0 1 
0.99956 0.0146089 -0.0258104 -2.18035 -0.0147627 0.999874 -0.00578119 -0.433391 0.0257227 0.00615968 0.99965 -0.0212092 0 0 0 1 
0.999121 0.0197398 -0.0369823 -3.07429 -0.0201108 0.999751 -0.00968711 -0.594913 0.0367818 0.0104223 0.999269 -0.0715789 0 0 0 1 
0.998429 0.0250892 -0.0500956 -4.09625 -0.0258746 0.999551 -0.0150923 -0.770351 0.0496945 0.0163648 0.99863 -0.15766 0 0 0 1 
0.997423 0.0303794 -0.065 -5.2265 -0.0318847 0.999244 -0.0222479 -0.953705 0.064275 0.0242631 0.997637 -0.288667 0 0 0 1 
0.996054 0.0352995 -0.0814271 -6.43716 -0.0379619 0.998786 -0.0313834 -1.13789 0.0802205 0.0343507 0.996185 -0.471918 0 0 0 1 
0.994311 0.0394951 -0.0989208 -7.68748 -0.0438914 0.998125 -0.0426673 -1.31408 0.0970502 0.0467663 0.99418 -0.710306 0 0 0 1 
0.992256 0.0425248 -0.116706 -8.91375 -0.0493419 0.997202 -0.0561584 -1.47031 0.113991 0.0614819 0.991578 -0.998374 0 0 0 1 
0.990043 0.0439347 -0.133733 -10.0347 -0.0538877 0.995967 -0.0717372 -1.59327 0.130042 0.0782295 0.988418 -1.31922 0 0 0 1 
0.987952 0.0432156 -0.148602 -10.944 -0.0568945 0.994399 -0.0890671 -1.66783 0.14392 0.0964486 0.984878 -1.64201 0 0 0 1 
0.986342 0.0399116 -0.159804 -11.5289 -0.0575933 0.992526 -0.107591 -1.68082 0.154316 0.115325 0.981268 -1.92623 0 0 0 1 
0.985571 0.0336161 -0.165893 -11.6793 -0.0550902 0.990424 -0.126594 -1.62183 0.160049 0.133907 0.977984 -2.13024 0 0 0 1 
0.985857 0.0240658 -0.165852 -11.3151 -0.0485687 0.988193 -0.145311 -1.48489 0.160397 0.151311 0.975386 -2.22564 0 0 0 1 
0.987192 0.0111074 -0.159152 -10.3892 -0.0373669 0.985923 -0.162971 -1.26485 0.155101 0.166831 0.97371 -2.20559 0 0 0 1 
0.989307 -0.00528205 -0.145754 -8.89044 -0.0210872 0.983664 -0.178778 -0.953816 0.144317 0.179939 0.973034 -2.087 0 0 0 1 
0.991705 -0.0249288 -0.126093 -6.84719 0.000277228 0.981424 -0.191849 -0.539518 0.128533 0.190223 0.973291 -1.90636 0 0 0 1 
0.993752 -0.0473437 -0.101069 -4.33314 0.0261913 0.979207 -0.201167 -0.00784847 0.108491 0.197263 0.974329 -1.71064 0 0 0 1 
0.994822 -0.0715273 -0.0722043 -1.48671 0.0553174 0.977045 -0.205728 0.645935 0.085262 0.200668 0.975942 -1.54661 0 0 0 1 
0.994516 -0.095945 -0.0416276 1.48962 0.0854889 0.975039 -0.204915 1.40265 0.0602491 0.200232 0.977894 -1.44716 0 0 0 1 
0.992836 -0.118914 -0.0116283 4.3753 0.114247 0.973327 -0.198952 2.21517 0.0349763 0.196198 0.97994 -1.42169 0 0 0 1 
0.990123 -0.139265 0.016146 7.01278 0.139796 0.972005 -0.18885 3.02757 0.0106062 0.189242 0.981873 -1.45874 0 0 0 1 
0.986819 -0.156559 0.0409611 9.33483 0.161365 0.97109 -0.175912 3.79578 -0.0122363 0.180203 0.983553 -1.53874 0 0 0 1 
0.983282 -0.170918 0.0627945 11.3442 0.179003 0.970537 -0.161296 4.4961 -0.0333761 0.16984 0.984906 -1.64411 0 0 0 1 
0.979751 -0.182693 0.0819245 13.073 0.193123 0.970268 -0.145887 5.11957 -0.0528363 0.158755 0.985903 -1.7624 0 0 0 1 
0.976354 -0.192317 0.0987242 14.5628 0.204283 0.970197 -0.130332 5.66719 -0.0707168 0.147418 0.986543 -1.88587 0 0 0 1 
0.97315 -0.200213 0.113549 15.8538 0.213044 0.97024 -0.115096 6.1451 -0.0871262 0.136197 0.986843 -2.01007 0 0 0 1 
0.970149 -0.206774 0.126709 16.9824 0.21994 0.97032 -0.100523 6.56256 -0.102162 0.12539 0.986833 -2.13275 0 0 0 1 
0.967335 -0.212353 0.13845 17.9791 0.225453 0.970374 -0.0868648 6.92994 -0.115903 0.115241 0.986553 -2.25289 0 0 0 1 
0.964676 -0.21727 0.148974 18.8706 0.230022 0.970344 -0.0743115 7.2584 -0.12841 0.105954 0.986045 -2.37021 0 0 0 1 
0.962135 -0.221803 0.158427 19.6784 0.234033 0.970185 -0.0630006 7.5588 -0.13973 0.0976923 0.985359 -2.48464 0 0 0 1 
0.959675 -0.22619 0.166916 20.4201 0.237814 0.969862 -0.0530274 7.8412 -0.149891 0.0905841 0.984544 -2.59598 0 0 0 1 
0.957266 -0.230621 0.174515 21.1092 0.241635 0.969349 -0.044445 8.11447 -0.158916 0.0847144 0.983651 -2.70366 0 0 0 1 
0.954884 -0.235237 0.181272 21.7558 0.245698 0.96863 -0.0372649 8.38581 -0.166819 0.0801218 0.982727 -2.80668 0 0 0 1 
0.952523 -0.240108 0.18721 22.3647 0.250119 0.967704 -0.0314664 8.65953 -0.173608 0.0767972 0.981816 -2.90337 0 0 0 1 
0.950192 -0.245233 0.192343 22.9373 0.254926 0.966584 -0.0269857 8.93696 -0.179298 0.0746748 0.980957 -2.99172 0 0 0 1 
0.94792 -0.25053 0.196681 23.4701 0.260046 0.965305 -0.023719 9.21557 -0.183914 0.0736297 0.980181 -3.06959 0 0 0 1 
0.945756 -0.255837 0.200233 23.956 0.265311 0.963922 -0.0215363 9.48894 -0.1875 0.0734922 0.979512 -3.13504 0 0 0 1 
0.943777 -0.260898 0.203022 24.3833 0.270438 0.962524 -0.0202603 9.74589 -0.190128 0.0740263 0.978964 -3.18681 0 0 0 1 
0.942074 -0.265399 0.205082 24.7382 0.275079 0.96122 -0.0196869 9.9721 -0.191905 0.0749604 0.978547 -3.22461 0 0 0 1 
0.940754 -0.268989 0.206462 25.0053 0.278831 0.96014 -0.0195877 10.151 -0.192963 0.075995 0.978259 -3.24921 0 0 0 1 
0.939926 -0.271295 0.207215 25.1689 0.28127 0.959426 -0.0197127 10.2651 -0.19346 0.0768118 0.978097 -3.26215 0 0 0 1 
0.939694 -0.271946 0.207416 25.2143 0.28196 0.959223 -0.0197632 10.2972 -0.193583 0.0770543 0.978053 -3.26551 0 0 0 1 
0.940119 -0.270699 0.207119 25.1328 0.280614 0.959622 -0.0195145 10.2368 -0.193473 0.0764664 0.978121 -3.26068 0 0 0 1 
0.941233 -0.267382 0.206368 24.9185 0.277019 0.960681 -0.0187566 10.0775 -0.193238 0.0748222 0.978295 -3.24798 0 0 0 1 
0.943046 -0.26182 0.205221 24.567 0.270949 0.96244 -0.0172096 9.81432 -0.193007 0.0718339 0.978564 -3.22684 0 0 0 1 
0.945507 -0.254008 0.203705 24.0808 0.262376 0.964853 -0.01472 9.45097 -0.192806 0.0673652 0.978922 -3.19471 0 0 0 1 
0.948542 -0.243983 0.201841 23.4643 0.251319 0.96784 -0.0111486 8.994 -0.19263 0.0613014 0.979355 -3.1478 0 0 0 1 
0.952052 -0.231824 0.199639 22.7234 0.237848 0.971281 -0.00639911 8.4525 -0.192422 0.0535759 0.979849 -3.08115 0 0 0 1 
0.95592 -0.217646 0.197096 21.8653 0.222083 0.975028 -0.000418757 7.83762 -0.192083 0.0441719 0.980384 -2.98905 0 0 0 1 
0.960026 -0.201586 0.194198 20.8975 0.204175 0.978911 0.00680442 7.16157 -0.191474 0.0331179 0.980939 -2.86539 0 0 0 1 
0.96425 -0.183777 0.190914 19.8261 0.184283 0.982755 0.0152562 6.43659 -0.190426 0.0204715 0.981488 -2.70386 0 0 0 1 
0.968475 -0.164358 0.187198 18.657 0.162584 0.98638 0.0248969 5.67522 -0.188741 0.00632344 0.982007 -2.49829 0 0 0 1 
0.972591 -0.143471 0.182982 17.3946 0.139271 0.989612 0.0356698 4.89014 -0.186199 -0.00920805 0.982469 -2.24287 0 0 0 1 
0.976498 -0.121267 0.178173 16.0426 0.11456 0.99228 0.0474995 4.09441 -0.182558 -0.0259716 0.982852 -1.93248 0 0 0 1 
0.980105 -0.0979023 0.172652 14.6036 0.0886904 0.994232 0.0603045 3.30126 -0.17756 -0.0437922 0.983135 -1.56293 0 0 0 1 
0.983335 -0.0735499 0.166263 13.0791 0.061937 0.995334 0.0739906 2.52429 -0.170929 -0.0624596 0.983302 -1.13147 0 0 0 1 
0.98612 -0.0484141 0.158818 11.4705 0.0346293 0.995479 0.0884445 1.77767 -0.162382 -0.0817171 0.983338 -0.637543 0 0 0 1 
0.988413 -0.0227236 0.150081 9.77771 0.0071459 0.994601 0.103529 1.07531 -0.151623 -0.101257 0.983238 -0.0834103 0 0 0 1 
0.990179 0.00324214 0.13977 8.00063 -0.0200556 0.992685 0.119054 0.430791 -0.138362 -0.120688 0.983001 0.524237 0 0 0 1 
0.991404 0.0291571 0.127548 6.13773 -0.0464454 0.989791 0.134747 -0.144079 -0.122317 -0.139513 0.982637 1.17287 0 0 0 1 
0.992089 0.0546139 0.113031 4.1877 -0.0713944 0.986076 0.15019 -0.640373 -0.103255 -0.157072 0.982175 1.84125 0 0 0 1 
0.992252 0.0790965 0.0958137 2.15089 -0.0941736 0.981831 0.164742 -1.05423 -0.0810423 -0.172488 0.981672 2.49627 0 0 0 1 
0.991918 0.101931 0.0755563 0.0351813 -0.113967 0.977509 0.177447 -1.38919 -0.0557696 -0.184624 0.981226 3.0897 0 0 0 1 
0.991128 0.122248 0.0521661 -2.13358 -0.129944 0.973727 0.187001 -1.65797 -0.027935 -0.192121 0.980974 3.55841 0 0 0 1 
0.989943 0.139032 0.0261524 -4.29401 -0.141464 0.971155 0.191953 -1.88086 0.00128952 -0.193722 0.981056 3.83551 0 0 0 1 
0.988464 0.151448 -0.00124295 -6.35299 -0.148417 0.970253 0.191264 -2.07882 0.0301726 -0.188874 0.981538 3.87804 0 0 0 1 
0.986841 0.159199 -0.0282944 -8.20999 -0.15135 0.97104 0.184865 -2.26319 0.0569052 -0.17815 0.982357 3.69156 0 0 0 1 
0.985257 0.162545 -0.0533585 -9.78689 -0.151147 0.973152 0.173581 -2.43146 0.0801406 -0.162957 0.983373 3.3254 0 0 0 1 
0.983921 0.162015 -0.0751743 -11.0337 -0.148605 0.976089 0.158641 -2.57161 0.0990791 -0.144919 0.98447 2.8479 0 0 0 1 
0.983047 0.158136 -0.0927956 -11.915 -0.144214 0.979409 0.141282 -2.6684 0.113227 -0.125505 0.985611 2.32674 0 0 0 1 
0.982836 0.151339 -0.105503 -12.4029 -0.138169 0.982789 0.122621 -2.70807 0.122244 -0.105939 0.98683 1.82012 0 0 0 1 
0.98342 0.141989 -0.112798 -12.4782 -0.130475 0.986018 0.103657 -2.68131 0.125939 -0.0872208 0.988196 1.37286 0 0 0 1 
0.984803 0.130503 -0.114599 -12.1471 -0.121131 0.988966 0.08528 -2.58614 0.124464 -0.0701025 0.989745 1.01164 0 0 0 1 
0.986837 0.117359 -0.111259 -11.4437 -0.110227 0.991561 0.0682442 -2.42748 0.11833 -0.0550821 0.991445 0.743711 0 0 0 1 
0.989245 0.103168 -0.103688 -10.4412 -0.0980743 0.993762 0.0530939 -2.21729 0.108519 -0.0423537 0.993192 0.557918 0 0 0 1 
0.991711 0.088569 -0.0930877 -9.23371 -0.0851467 0.99556 0.040122 -1.97069 0.096228 -0.0318633 0.994849 0.433119 0 0 0 1 
0.993977 0.0741458 -0.080693 -7.9171 -0.0719835 0.996973 0.0293867 -1.70296 0.0826277 -0.0234011 0.996306 0.347167 0 0 0 1 
0.995882 0.0603954 -0.0676054 -6.57778 -0.0591154 0.998035 0.0207777 -1.42822 0.0687274 -0.0166957 0.997496 0.282592 0 0 0 1 
0.997365 0.0476804 -0.0546688 -5.28249 -0.0469771 0.998797 0.0140785 -1.1582 0.0552743 -0.0114732 0.998405 0.228453 0 0 0 1 
0.998438 0.0362643 -0.0424956 -4.08063 -0.0359115 0.999314 0.00903806 -0.902799 0.0427942 -0.00749787 0.999056 0.179515 0 0 0 1 
0.999158 0.0263137 -0.0314937 -3.0055 -0.0261565 0.999643 0.00539509 -0.669883 0.0316245 -0.00456678 0.999489 0.134323 0 0 0 1 
0.999599 0.0179357 -0.0219313 -2.07941 -0.0178761 0.999836 0.00290773 -0.46588 0.0219799 -0.00251452 0.999755 0.0936404 0 0 0 1 
0.99984 0.0111773 -0.013981 -1.31622 -0.0111597 0.999937 0.00133742 -0.295612 0.0139951 -0.00118118 0.999901 0.0589019 0 0 0 1 
0.999952 0.00604722 -0.00775154 -0.72403 -0.00604379 0.999982 0.000466233 -0.162517 0.00775422 -0.000419361 0.99997 0.0316311 0 0 0 1 
0.999991 0.00252323 -0.00331871 -0.307385 -0.00252295 0.999997 8.8731e-05 -0.0687585 0.00331892 -8.03574e-05 0.999994 0.0128622 0 0 0 1 
1 0.000543627 -0.000723113 -0.0667361 -0.000543621 1 8.39708e-06 -0.0149154 0.000723117 -8.00397e-06 1 0.00276028 0 0 0 1 
